0;11;2;9;6;11;3;2;11;7
11;0;11;18;15;20;12;11;20;16
2;11;0;9;6;11;3;2;11;7
9;18;9;0;13;18;10;9;18;14
6;15;6;13;0;15;7;6;15;11
11;20;11;18;15;0;12;11;20;16
3;12;3;10;7;12;0;3;12;8
2;11;2;9;6;11;3;0;11;7
11;20;11;18;15;20;12;11;0;16
7;16;7;14;11;16;8;7;16;0
