0;140;193;117;123;139;92;136;185;210;84;107;95;193;239;238;176;110;61;82;203;191;119;189;64;194;197;147;228;94;189;43;87;212;146;105;225;165;218;60;75;232;230;205;43;201;213;177;152;182;142;91;103;112;126;127;61;44;93;168;181;184;148;130;61;81;60;122;87;173;52;51;131;41;46;210;201;153;185;102;220;59;235;85;191;137;179;215;126;59;84;221;111;90;118;131;124;139;184;202;181;131;130;218;170;131;200;102;105;155;166;147;99;230;188;162;188;102;178;163;142;85;236;68;129;70;179;81;162;155;126;101;208;223;160;129;169;57;155;100;177;116;149;210;132;177;162;121;141;196;182;61;200;61;99;136;134;101;129;139;192;159;179;190;69;104;178;115;110;98;232;171;187;118;226;65;175;66;175;192;148;98;179;206;212;104;140;187;163;63;234;108;168;55;147;57;177;199;181;68
140;0;255;179;185;201;154;198;247;272;146;169;157;255;301;300;238;172;123;144;265;253;181;251;126;256;259;209;290;156;251;105;149;274;208;167;287;227;280;122;137;294;292;267;105;263;275;239;214;244;204;153;165;174;188;189;123;106;155;230;243;246;210;192;123;143;122;184;149;235;114;113;193;103;108;272;263;215;247;164;282;121;297;147;253;199;241;277;188;121;146;283;173;152;180;193;186;201;246;264;243;193;192;280;232;193;262;164;167;217;228;209;161;292;250;224;250;164;240;225;204;147;298;130;191;132;241;143;224;217;188;163;270;285;222;191;231;119;217;162;239;178;211;272;194;239;224;183;203;258;244;123;262;123;161;198;196;163;191;201;254;221;241;252;131;166;240;177;172;160;294;233;249;180;288;127;237;128;237;254;210;160;241;268;274;166;202;249;225;125;296;170;230;117;209;119;239;261;243;130
193;255;0;232;238;254;207;251;300;325;199;222;210;308;354;353;291;225;176;197;318;306;234;304;179;309;312;262;343;209;304;158;202;327;261;220;340;280;333;175;190;347;345;320;158;316;328;292;267;297;257;206;218;227;241;242;176;159;208;283;296;299;263;245;176;196;175;237;202;288;167;166;246;156;161;325;316;268;300;217;335;174;350;200;306;252;294;330;241;174;199;336;226;205;233;246;239;254;299;317;296;246;245;333;285;246;315;217;220;270;281;262;214;345;303;277;303;217;293;278;257;200;351;183;244;185;294;196;277;270;241;216;323;338;275;244;284;172;270;215;292;231;264;325;247;292;277;236;256;311;297;176;315;176;214;251;249;216;244;254;307;274;294;305;184;219;293;230;225;213;347;286;302;233;341;180;290;181;290;307;263;213;294;321;327;219;255;302;278;178;349;223;283;170;262;172;292;314;296;183
117;179;232;0;162;178;131;175;224;249;123;146;134;232;278;277;215;149;100;121;242;230;158;228;103;233;236;186;267;133;228;82;126;251;185;144;264;204;257;99;114;271;269;244;82;240;252;216;191;221;181;130;142;151;165;166;100;83;132;207;220;223;187;169;100;120;99;161;126;212;91;90;170;80;85;249;240;192;224;141;259;98;274;124;230;176;218;254;165;98;123;260;150;129;157;170;163;178;223;241;220;170;169;257;209;170;239;141;144;194;205;186;138;269;227;201;227;141;217;202;181;124;275;107;168;109;218;120;201;194;165;140;247;262;199;168;208;96;194;139;216;155;188;249;171;216;201;160;180;235;221;100;239;100;138;175;173;140;168;178;231;198;218;229;108;143;217;154;149;137;271;210;226;157;265;104;214;105;214;231;187;137;218;245;251;143;179;226;202;102;273;147;207;94;186;96;216;238;220;107
123;185;238;162;0;184;137;181;230;255;129;152;140;238;284;283;221;155;106;127;248;236;164;234;109;239;242;192;273;139;234;88;132;257;191;150;270;210;263;105;120;277;275;250;88;246;258;222;197;227;187;136;148;157;171;172;106;89;138;213;226;229;193;175;106;126;105;167;132;218;97;96;176;86;91;255;246;198;230;147;265;104;280;130;236;182;224;260;171;104;129;266;156;135;163;176;169;184;229;247;226;176;175;263;215;176;245;147;150;200;211;192;144;275;233;207;233;147;223;208;187;130;281;113;174;115;224;126;207;200;171;146;253;268;205;174;214;102;200;145;222;161;194;255;177;222;207;166;186;241;227;106;245;106;144;181;179;146;174;184;237;204;224;235;114;149;223;160;155;143;277;216;232;163;271;110;220;111;220;237;193;143;224;251;257;149;185;232;208;108;279;153;213;100;192;102;222;244;226;113
139;201;254;178;184;0;153;197;246;271;145;168;156;254;300;299;237;171;122;143;264;252;180;250;125;255;258;208;289;155;250;104;148;273;207;166;286;226;279;121;136;293;291;266;104;262;274;238;213;243;203;152;164;173;187;188;122;105;154;229;242;245;209;191;122;142;121;183;148;234;113;112;192;102;107;271;262;214;246;163;281;120;296;146;252;198;240;276;187;120;145;282;172;151;179;192;185;200;245;263;242;192;191;279;231;192;261;163;166;216;227;208;160;291;249;223;249;163;239;224;203;146;297;129;190;131;240;142;223;216;187;162;269;284;221;190;230;118;216;161;238;177;210;271;193;238;223;182;202;257;243;122;261;122;160;197;195;162;190;200;253;220;240;251;130;165;239;176;171;159;293;232;248;179;287;126;236;127;236;253;209;159;240;267;273;165;201;248;224;124;295;169;229;116;208;118;238;260;242;129
92;154;207;131;137;153;0;150;199;224;98;121;109;207;253;252;190;124;75;96;217;205;133;203;78;208;211;161;242;108;203;57;101;226;160;119;239;179;232;74;89;246;244;219;57;215;227;191;166;196;156;105;117;126;140;141;75;58;107;182;195;198;162;144;75;95;74;136;101;187;66;65;145;55;60;224;215;167;199;116;234;73;249;99;205;151;193;229;140;73;98;235;125;104;132;145;138;153;198;216;195;145;144;232;184;145;214;116;119;169;180;161;113;244;202;176;202;116;192;177;156;99;250;82;143;84;193;95;176;169;140;115;222;237;174;143;183;71;169;114;191;130;163;224;146;191;176;135;155;210;196;75;214;75;113;150;148;115;143;153;206;173;193;204;83;118;192;129;124;112;246;185;201;132;240;79;189;80;189;206;162;112;193;220;226;118;154;201;177;77;248;122;182;69;161;71;191;213;195;82
136;198;251;175;181;197;150;0;243;268;142;165;153;251;297;296;234;168;119;140;261;249;177;247;122;252;255;205;286;152;247;101;145;270;204;163;283;223;276;118;133;290;288;263;101;259;271;235;210;240;200;149;161;170;184;185;119;102;151;226;239;242;206;188;119;139;118;180;145;231;110;109;189;99;104;268;259;211;243;160;278;117;293;143;249;195;237;273;184;117;142;279;169;148;176;189;182;197;242;260;239;189;188;276;228;189;258;160;163;213;224;205;157;288;246;220;246;160;236;221;200;143;294;126;187;128;237;139;220;213;184;159;266;281;218;187;227;115;213;158;235;174;207;268;190;235;220;179;199;254;240;119;258;119;157;194;192;159;187;197;250;217;237;248;127;162;236;173;168;156;290;229;245;176;284;123;233;124;233;250;206;156;237;264;270;162;198;245;221;121;292;166;226;113;205;115;235;257;239;126
185;247;300;224;230;246;199;243;0;317;191;214;202;300;346;345;283;217;168;189;310;298;226;296;171;301;304;254;335;201;296;150;194;319;253;212;332;272;325;167;182;339;337;312;150;308;320;284;259;289;249;198;210;219;233;234;168;151;200;275;288;291;255;237;168;188;167;229;194;280;159;158;238;148;153;317;308;260;292;209;327;166;342;192;298;244;286;322;233;166;191;328;218;197;225;238;231;246;291;309;288;238;237;325;277;238;307;209;212;262;273;254;206;337;295;269;295;209;285;270;249;192;343;175;236;177;286;188;269;262;233;208;315;330;267;236;276;164;262;207;284;223;256;317;239;284;269;228;248;303;289;168;307;168;206;243;241;208;236;246;299;266;286;297;176;211;285;222;217;205;339;278;294;225;333;172;282;173;282;299;255;205;286;313;319;211;247;294;270;170;341;215;275;162;254;164;284;306;288;175
210;272;325;249;255;271;224;268;317;0;216;239;227;325;371;370;308;242;193;214;335;323;251;321;196;326;329;279;360;226;321;175;219;344;278;237;357;297;350;192;207;364;362;337;175;333;345;309;284;314;274;223;235;244;258;259;193;176;225;300;313;316;280;262;193;213;192;254;219;305;184;183;263;173;178;342;333;285;317;234;352;191;367;217;323;269;311;347;258;191;216;353;243;222;250;263;256;271;316;334;313;263;262;350;302;263;332;234;237;287;298;279;231;362;320;294;320;234;310;295;274;217;368;200;261;202;311;213;294;287;258;233;340;355;292;261;301;189;287;232;309;248;281;342;264;309;294;253;273;328;314;193;332;193;231;268;266;233;261;271;324;291;311;322;201;236;310;247;242;230;364;303;319;250;358;197;307;198;307;324;280;230;311;338;344;236;272;319;295;195;366;240;300;187;279;189;309;331;313;200
84;146;199;123;129;145;98;142;191;216;0;113;101;199;245;244;182;116;67;88;209;197;125;195;70;200;203;153;234;100;195;49;93;218;152;111;231;171;224;66;81;238;236;211;49;207;219;183;158;188;148;97;109;118;132;133;67;50;99;174;187;190;154;136;67;87;66;128;93;179;58;57;137;47;52;216;207;159;191;108;226;65;241;91;197;143;185;221;132;65;90;227;117;96;124;137;130;145;190;208;187;137;136;224;176;137;206;108;111;161;172;153;105;236;194;168;194;108;184;169;148;91;242;74;135;76;185;87;168;161;132;107;214;229;166;135;175;63;161;106;183;122;155;216;138;183;168;127;147;202;188;67;206;67;105;142;140;107;135;145;198;165;185;196;75;110;184;121;116;104;238;177;193;124;232;71;181;72;181;198;154;104;185;212;218;110;146;193;169;69;240;114;174;61;153;63;183;205;187;74
107;169;222;146;152;168;121;165;214;239;113;0;124;222;268;267;205;139;90;111;232;220;148;218;93;223;226;176;257;123;218;72;116;241;175;134;254;194;247;89;104;261;259;234;72;230;242;206;181;211;171;120;132;141;155;156;90;73;122;197;210;213;177;159;90;110;89;151;116;202;81;80;160;70;75;239;230;182;214;131;249;88;264;114;220;166;208;244;155;88;113;250;140;119;147;160;153;168;213;231;210;160;159;247;199;160;229;131;134;184;195;176;128;259;217;191;217;131;207;192;171;114;265;97;158;99;208;110;191;184;155;130;237;252;189;158;198;86;184;129;206;145;178;239;161;206;191;150;170;225;211;90;229;90;128;165;163;130;158;168;221;188;208;219;98;133;207;144;139;127;261;200;216;147;255;94;204;95;204;221;177;127;208;235;241;133;169;216;192;92;263;137;197;84;176;86;206;228;210;97
95;157;210;134;140;156;109;153;202;227;101;124;0;210;256;255;193;127;78;99;220;208;136;206;81;211;214;164;245;111;206;60;104;229;163;122;242;182;235;77;92;249;247;222;60;218;230;194;169;199;159;108;120;129;143;144;78;61;110;185;198;201;165;147;78;98;77;139;104;190;69;68;148;58;63;227;218;170;202;119;237;76;252;102;208;154;196;232;143;76;101;238;128;107;135;148;141;156;201;219;198;148;147;235;187;148;217;119;122;172;183;164;116;247;205;179;205;119;195;180;159;102;253;85;146;87;196;98;179;172;143;118;225;240;177;146;186;74;172;117;194;133;166;227;149;194;179;138;158;213;199;78;217;78;116;153;151;118;146;156;209;176;196;207;86;121;195;132;127;115;249;188;204;135;243;82;192;83;192;209;165;115;196;223;229;121;157;204;180;80;251;125;185;72;164;74;194;216;198;85
193;255;308;232;238;254;207;251;300;325;199;222;210;0;354;353;291;225;176;197;318;306;234;304;179;309;312;262;343;209;304;158;202;327;261;220;340;280;333;175;190;347;345;320;158;316;328;292;267;297;257;206;218;227;241;242;176;159;208;283;296;299;263;245;176;196;175;237;202;288;167;166;246;156;161;325;316;268;300;217;335;174;350;200;306;252;294;330;241;174;199;336;226;205;233;246;239;254;299;317;296;246;245;333;285;246;315;217;220;270;281;262;214;345;303;277;303;217;293;278;257;200;351;183;244;185;294;196;277;270;241;216;323;338;275;244;284;172;270;215;292;231;264;325;247;292;277;236;256;311;297;176;315;176;214;251;249;216;244;254;307;274;294;305;184;219;293;230;225;213;347;286;302;233;341;180;290;181;290;307;263;213;294;321;327;219;255;302;278;178;349;223;283;170;262;172;292;314;296;183
239;301;354;278;284;300;253;297;346;371;245;268;256;354;0;399;337;271;222;243;364;352;280;350;225;355;358;308;389;255;350;204;248;373;307;266;386;326;379;221;236;393;391;366;204;362;374;338;313;343;303;252;264;273;287;288;222;205;254;329;342;345;309;291;222;242;221;283;248;334;213;212;292;202;207;371;362;314;346;263;381;220;396;246;352;298;340;376;287;220;245;382;272;251;279;292;285;300;345;363;342;292;291;379;331;292;361;263;266;316;327;308;260;391;349;323;349;263;339;324;303;246;397;229;290;231;340;242;323;316;287;262;369;384;321;290;330;218;316;261;338;277;310;371;293;338;323;282;302;357;343;222;361;222;260;297;295;262;290;300;353;320;340;351;230;265;339;276;271;259;393;332;348;279;387;226;336;227;336;353;309;259;340;367;373;265;301;348;324;224;395;269;329;216;308;218;338;360;342;229
238;300;353;277;283;299;252;296;345;370;244;267;255;353;399;0;336;270;221;242;363;351;279;349;224;354;357;307;388;254;349;203;247;372;306;265;385;325;378;220;235;392;390;365;203;361;373;337;312;342;302;251;263;272;286;287;221;204;253;328;341;344;308;290;221;241;220;282;247;333;212;211;291;201;206;370;361;313;345;262;380;219;395;245;351;297;339;375;286;219;244;381;271;250;278;291;284;299;344;362;341;291;290;378;330;291;360;262;265;315;326;307;259;390;348;322;348;262;338;323;302;245;396;228;289;230;339;241;322;315;286;261;368;383;320;289;329;217;315;260;337;276;309;370;292;337;322;281;301;356;342;221;360;221;259;296;294;261;289;299;352;319;339;350;229;264;338;275;270;258;392;331;347;278;386;225;335;226;335;352;308;258;339;366;372;264;300;347;323;223;394;268;328;215;307;217;337;359;341;228
176;238;291;215;221;237;190;234;283;308;182;205;193;291;337;336;0;208;159;180;301;289;217;287;162;292;295;245;326;192;287;141;185;310;244;203;323;263;316;158;173;330;328;303;141;299;311;275;250;280;240;189;201;210;224;225;159;142;191;266;279;282;246;228;159;179;158;220;185;271;150;149;229;139;144;308;299;251;283;200;318;157;333;183;289;235;277;313;224;157;182;319;209;188;216;229;222;237;282;300;279;229;228;316;268;229;298;200;203;253;264;245;197;328;286;260;286;200;276;261;240;183;334;166;227;168;277;179;260;253;224;199;306;321;258;227;267;155;253;198;275;214;247;308;230;275;260;219;239;294;280;159;298;159;197;234;232;199;227;237;290;257;277;288;167;202;276;213;208;196;330;269;285;216;324;163;273;164;273;290;246;196;277;304;310;202;238;285;261;161;332;206;266;153;245;155;275;297;279;166
110;172;225;149;155;171;124;168;217;242;116;139;127;225;271;270;208;0;93;114;235;223;151;221;96;226;229;179;260;126;221;75;119;244;178;137;257;197;250;92;107;264;262;237;75;233;245;209;184;214;174;123;135;144;158;159;93;76;125;200;213;216;180;162;93;113;92;154;119;205;84;83;163;73;78;242;233;185;217;134;252;91;267;117;223;169;211;247;158;91;116;253;143;122;150;163;156;171;216;234;213;163;162;250;202;163;232;134;137;187;198;179;131;262;220;194;220;134;210;195;174;117;268;100;161;102;211;113;194;187;158;133;240;255;192;161;201;89;187;132;209;148;181;242;164;209;194;153;173;228;214;93;232;93;131;168;166;133;161;171;224;191;211;222;101;136;210;147;142;130;264;203;219;150;258;97;207;98;207;224;180;130;211;238;244;136;172;219;195;95;266;140;200;87;179;89;209;231;213;100
61;123;176;100;106;122;75;119;168;193;67;90;78;176;222;221;159;93;0;65;186;174;102;172;47;177;180;130;211;77;172;26;70;195;129;88;208;148;201;43;58;215;213;188;26;184;196;160;135;165;125;74;86;95;109;110;44;27;76;151;164;167;131;113;44;64;43;105;70;156;35;34;114;24;29;193;184;136;168;85;203;42;218;68;174;120;162;198;109;42;67;204;94;73;101;114;107;122;167;185;164;114;113;201;153;114;183;85;88;138;149;130;82;213;171;145;171;85;161;146;125;68;219;51;112;53;162;64;145;138;109;84;191;206;143;112;152;40;138;83;160;99;132;193;115;160;145;104;124;179;165;44;183;44;82;119;117;84;112;122;175;142;162;173;52;87;161;98;93;81;215;154;170;101;209;48;158;49;158;175;131;81;162;189;195;87;123;170;146;46;217;91;151;38;130;40;160;182;164;51
82;144;197;121;127;143;96;140;189;214;88;111;99;197;243;242;180;114;65;0;207;195;123;193;68;198;201;151;232;98;193;47;91;216;150;109;229;169;222;64;79;236;234;209;47;205;217;181;156;186;146;95;107;116;130;131;65;48;97;172;185;188;152;134;65;85;64;126;91;177;56;55;135;45;50;214;205;157;189;106;224;63;239;89;195;141;183;219;130;63;88;225;115;94;122;135;128;143;188;206;185;135;134;222;174;135;204;106;109;159;170;151;103;234;192;166;192;106;182;167;146;89;240;72;133;74;183;85;166;159;130;105;212;227;164;133;173;61;159;104;181;120;153;214;136;181;166;125;145;200;186;65;204;65;103;140;138;105;133;143;196;163;183;194;73;108;182;119;114;102;236;175;191;122;230;69;179;70;179;196;152;102;183;210;216;108;144;191;167;67;238;112;172;59;151;61;181;203;185;72
203;265;318;242;248;264;217;261;310;335;209;232;220;318;364;363;301;235;186;207;0;316;244;314;189;319;322;272;353;219;314;168;212;337;271;230;350;290;343;185;200;357;355;330;168;326;338;302;277;307;267;216;228;237;251;252;186;169;218;293;306;309;273;255;186;206;185;247;212;298;177;176;256;166;171;335;326;278;310;227;345;184;360;210;316;262;304;340;251;184;209;346;236;215;243;256;249;264;309;327;306;256;255;343;295;256;325;227;230;280;291;272;224;355;313;287;313;227;303;288;267;210;361;193;254;195;304;206;287;280;251;226;333;348;285;254;294;182;280;225;302;241;274;335;257;302;287;246;266;321;307;186;325;186;224;261;259;226;254;264;317;284;304;315;194;229;303;240;235;223;357;296;312;243;351;190;300;191;300;317;273;223;304;331;337;229;265;312;288;188;359;233;293;180;272;182;302;324;306;193
191;253;306;230;236;252;205;249;298;323;197;220;208;306;352;351;289;223;174;195;316;0;232;302;177;307;310;260;341;207;302;156;200;325;259;218;338;278;331;173;188;345;343;318;156;314;326;290;265;295;255;204;216;225;239;240;174;157;206;281;294;297;261;243;174;194;173;235;200;286;165;164;244;154;159;323;314;266;298;215;333;172;348;198;304;250;292;328;239;172;197;334;224;203;231;244;237;252;297;315;294;244;243;331;283;244;313;215;218;268;279;260;212;343;301;275;301;215;291;276;255;198;349;181;242;183;292;194;275;268;239;214;321;336;273;242;282;170;268;213;290;229;262;323;245;290;275;234;254;309;295;174;313;174;212;249;247;214;242;252;305;272;292;303;182;217;291;228;223;211;345;284;300;231;339;178;288;179;288;305;261;211;292;319;325;217;253;300;276;176;347;221;281;168;260;170;290;312;294;181
119;181;234;158;164;180;133;177;226;251;125;148;136;234;280;279;217;151;102;123;244;232;0;230;105;235;238;188;269;135;230;84;128;253;187;146;266;206;259;101;116;273;271;246;84;242;254;218;193;223;183;132;144;153;167;168;102;85;134;209;222;225;189;171;102;122;101;163;128;214;93;92;172;82;87;251;242;194;226;143;261;100;276;126;232;178;220;256;167;100;125;262;152;131;159;172;165;180;225;243;222;172;171;259;211;172;241;143;146;196;207;188;140;271;229;203;229;143;219;204;183;126;277;109;170;111;220;122;203;196;167;142;249;264;201;170;210;98;196;141;218;157;190;251;173;218;203;162;182;237;223;102;241;102;140;177;175;142;170;180;233;200;220;231;110;145;219;156;151;139;273;212;228;159;267;106;216;107;216;233;189;139;220;247;253;145;181;228;204;104;275;149;209;96;188;98;218;240;222;109
189;251;304;228;234;250;203;247;296;321;195;218;206;304;350;349;287;221;172;193;314;302;230;0;175;305;308;258;339;205;300;154;198;323;257;216;336;276;329;171;186;343;341;316;154;312;324;288;263;293;253;202;214;223;237;238;172;155;204;279;292;295;259;241;172;192;171;233;198;284;163;162;242;152;157;321;312;264;296;213;331;170;346;196;302;248;290;326;237;170;195;332;222;201;229;242;235;250;295;313;292;242;241;329;281;242;311;213;216;266;277;258;210;341;299;273;299;213;289;274;253;196;347;179;240;181;290;192;273;266;237;212;319;334;271;240;280;168;266;211;288;227;260;321;243;288;273;232;252;307;293;172;311;172;210;247;245;212;240;250;303;270;290;301;180;215;289;226;221;209;343;282;298;229;337;176;286;177;286;303;259;209;290;317;323;215;251;298;274;174;345;219;279;166;258;168;288;310;292;179
64;126;179;103;109;125;78;122;171;196;70;93;81;179;225;224;162;96;47;68;189;177;105;175;0;180;183;133;214;80;175;29;73;198;132;91;211;151;204;46;61;218;216;191;29;187;199;163;138;168;128;77;89;98;112;113;47;30;79;154;167;170;134;116;47;67;46;108;73;159;38;37;117;27;32;196;187;139;171;88;206;45;221;71;177;123;165;201;112;45;70;207;97;76;104;117;110;125;170;188;167;117;116;204;156;117;186;88;91;141;152;133;85;216;174;148;174;88;164;149;128;71;222;54;115;56;165;67;148;141;112;87;194;209;146;115;155;43;141;86;163;102;135;196;118;163;148;107;127;182;168;47;186;47;85;122;120;87;115;125;178;145;165;176;55;90;164;101;96;84;218;157;173;104;212;51;161;52;161;178;134;84;165;192;198;90;126;173;149;49;220;94;154;41;133;43;163;185;167;54
194;256;309;233;239;255;208;252;301;326;200;223;211;309;355;354;292;226;177;198;319;307;235;305;180;0;313;263;344;210;305;159;203;328;262;221;341;281;334;176;191;348;346;321;159;317;329;293;268;298;258;207;219;228;242;243;177;160;209;284;297;300;264;246;177;197;176;238;203;289;168;167;247;157;162;326;317;269;301;218;336;175;351;201;307;253;295;331;242;175;200;337;227;206;234;247;240;255;300;318;297;247;246;334;286;247;316;218;221;271;282;263;215;346;304;278;304;218;294;279;258;201;352;184;245;186;295;197;278;271;242;217;324;339;276;245;285;173;271;216;293;232;265;326;248;293;278;237;257;312;298;177;316;177;215;252;250;217;245;255;308;275;295;306;185;220;294;231;226;214;348;287;303;234;342;181;291;182;291;308;264;214;295;322;328;220;256;303;279;179;350;224;284;171;263;173;293;315;297;184
197;259;312;236;242;258;211;255;304;329;203;226;214;312;358;357;295;229;180;201;322;310;238;308;183;313;0;266;347;213;308;162;206;331;265;224;344;284;337;179;194;351;349;324;162;320;332;296;271;301;261;210;222;231;245;246;180;163;212;287;300;303;267;249;180;200;179;241;206;292;171;170;250;160;165;329;320;272;304;221;339;178;354;204;310;256;298;334;245;178;203;340;230;209;237;250;243;258;303;321;300;250;249;337;289;250;319;221;224;274;285;266;218;349;307;281;307;221;297;282;261;204;355;187;248;189;298;200;281;274;245;220;327;342;279;248;288;176;274;219;296;235;268;329;251;296;281;240;260;315;301;180;319;180;218;255;253;220;248;258;311;278;298;309;188;223;297;234;229;217;351;290;306;237;345;184;294;185;294;311;267;217;298;325;331;223;259;306;282;182;353;227;287;174;266;176;296;318;300;187
147;209;262;186;192;208;161;205;254;279;153;176;164;262;308;307;245;179;130;151;272;260;188;258;133;263;266;0;297;163;258;112;156;281;215;174;294;234;287;129;144;301;299;274;112;270;282;246;221;251;211;160;172;181;195;196;130;113;162;237;250;253;217;199;130;150;129;191;156;242;121;120;200;110;115;279;270;222;254;171;289;128;304;154;260;206;248;284;195;128;153;290;180;159;187;200;193;208;253;271;250;200;199;287;239;200;269;171;174;224;235;216;168;299;257;231;257;171;247;232;211;154;305;137;198;139;248;150;231;224;195;170;277;292;229;198;238;126;224;169;246;185;218;279;201;246;231;190;210;265;251;130;269;130;168;205;203;170;198;208;261;228;248;259;138;173;247;184;179;167;301;240;256;187;295;134;244;135;244;261;217;167;248;275;281;173;209;256;232;132;303;177;237;124;216;126;246;268;250;137
228;290;343;267;273;289;242;286;335;360;234;257;245;343;389;388;326;260;211;232;353;341;269;339;214;344;347;297;0;244;339;193;237;362;296;255;375;315;368;210;225;382;380;355;193;351;363;327;302;332;292;241;253;262;276;277;211;194;243;318;331;334;298;280;211;231;210;272;237;323;202;201;281;191;196;360;351;303;335;252;370;209;385;235;341;287;329;365;276;209;234;371;261;240;268;281;274;289;334;352;331;281;280;368;320;281;350;252;255;305;316;297;249;380;338;312;338;252;328;313;292;235;386;218;279;220;329;231;312;305;276;251;358;373;310;279;319;207;305;250;327;266;299;360;282;327;312;271;291;346;332;211;350;211;249;286;284;251;279;289;342;309;329;340;219;254;328;265;260;248;382;321;337;268;376;215;325;216;325;342;298;248;329;356;362;254;290;337;313;213;384;258;318;205;297;207;327;349;331;218
94;156;209;133;139;155;108;152;201;226;100;123;111;209;255;254;192;126;77;98;219;207;135;205;80;210;213;163;244;0;205;59;103;228;162;121;241;181;234;76;91;248;246;221;59;217;229;193;168;198;158;107;119;128;142;143;77;60;109;184;197;200;164;146;77;97;76;138;103;189;68;67;147;57;62;226;217;169;201;118;236;75;251;101;207;153;195;231;142;75;100;237;127;106;134;147;140;155;200;218;197;147;146;234;186;147;216;118;121;171;182;163;115;246;204;178;204;118;194;179;158;101;252;84;145;86;195;97;178;171;142;117;224;239;176;145;185;73;171;116;193;132;165;226;148;193;178;137;157;212;198;77;216;77;115;152;150;117;145;155;208;175;195;206;85;120;194;131;126;114;248;187;203;134;242;81;191;82;191;208;164;114;195;222;228;120;156;203;179;79;250;124;184;71;163;73;193;215;197;84
189;251;304;228;234;250;203;247;296;321;195;218;206;304;350;349;287;221;172;193;314;302;230;300;175;305;308;258;339;205;0;154;198;323;257;216;336;276;329;171;186;343;341;316;154;312;324;288;263;293;253;202;214;223;237;238;172;155;204;279;292;295;259;241;172;192;171;233;198;284;163;162;242;152;157;321;312;264;296;213;331;170;346;196;302;248;290;326;237;170;195;332;222;201;229;242;235;250;295;313;292;242;241;329;281;242;311;213;216;266;277;258;210;341;299;273;299;213;289;274;253;196;347;179;240;181;290;192;273;266;237;212;319;334;271;240;280;168;266;211;288;227;260;321;243;288;273;232;252;307;293;172;311;172;210;247;245;212;240;250;303;270;290;301;180;215;289;226;221;209;343;282;298;229;337;176;286;177;286;303;259;209;290;317;323;215;251;298;274;174;345;219;279;166;258;168;288;310;292;179
43;105;158;82;88;104;57;101;150;175;49;72;60;158;204;203;141;75;26;47;168;156;84;154;29;159;162;112;193;59;154;0;52;177;111;70;190;130;183;25;40;197;195;170;8;166;178;142;117;147;107;56;68;77;91;92;26;9;58;133;146;149;113;95;26;46;25;87;52;138;17;16;96;6;11;175;166;118;150;67;185;24;200;50;156;102;144;180;91;24;49;186;76;55;83;96;89;104;149;167;146;96;95;183;135;96;165;67;70;120;131;112;64;195;153;127;153;67;143;128;107;50;201;33;94;35;144;46;127;120;91;66;173;188;125;94;134;22;120;65;142;81;114;175;97;142;127;86;106;161;147;26;165;26;64;101;99;66;94;104;157;124;144;155;34;69;143;80;75;63;197;136;152;83;191;30;140;31;140;157;113;63;144;171;177;69;105;152;128;28;199;73;133;20;112;22;142;164;146;33
87;149;202;126;132;148;101;145;194;219;93;116;104;202;248;247;185;119;70;91;212;200;128;198;73;203;206;156;237;103;198;52;0;221;155;114;234;174;227;69;84;241;239;214;52;210;222;186;161;191;151;100;112;121;135;136;70;53;102;177;190;193;157;139;70;90;69;131;96;182;61;60;140;50;55;219;210;162;194;111;229;68;244;94;200;146;188;224;135;68;93;230;120;99;127;140;133;148;193;211;190;140;139;227;179;140;209;111;114;164;175;156;108;239;197;171;197;111;187;172;151;94;245;77;138;79;188;90;171;164;135;110;217;232;169;138;178;66;164;109;186;125;158;219;141;186;171;130;150;205;191;70;209;70;108;145;143;110;138;148;201;168;188;199;78;113;187;124;119;107;241;180;196;127;235;74;184;75;184;201;157;107;188;215;221;113;149;196;172;72;243;117;177;64;156;66;186;208;190;77
212;274;327;251;257;273;226;270;319;344;218;241;229;327;373;372;310;244;195;216;337;325;253;323;198;328;331;281;362;228;323;177;221;0;280;239;359;299;352;194;209;366;364;339;177;335;347;311;286;316;276;225;237;246;260;261;195;178;227;302;315;318;282;264;195;215;194;256;221;307;186;185;265;175;180;344;335;287;319;236;354;193;369;219;325;271;313;349;260;193;218;355;245;224;252;265;258;273;318;336;315;265;264;352;304;265;334;236;239;289;300;281;233;364;322;296;322;236;312;297;276;219;370;202;263;204;313;215;296;289;260;235;342;357;294;263;303;191;289;234;311;250;283;344;266;311;296;255;275;330;316;195;334;195;233;270;268;235;263;273;326;293;313;324;203;238;312;249;244;232;366;305;321;252;360;199;309;200;309;326;282;232;313;340;346;238;274;321;297;197;368;242;302;189;281;191;311;333;315;202
146;208;261;185;191;207;160;204;253;278;152;175;163;261;307;306;244;178;129;150;271;259;187;257;132;262;265;215;296;162;257;111;155;280;0;173;293;233;286;128;143;300;298;273;111;269;281;245;220;250;210;159;171;180;194;195;129;112;161;236;249;252;216;198;129;149;128;190;155;241;120;119;199;109;114;278;269;221;253;170;288;127;303;153;259;205;247;283;194;127;152;289;179;158;186;199;192;207;252;270;249;199;198;286;238;199;268;170;173;223;234;215;167;298;256;230;256;170;246;231;210;153;304;136;197;138;247;149;230;223;194;169;276;291;228;197;237;125;223;168;245;184;217;278;200;245;230;189;209;264;250;129;268;129;167;204;202;169;197;207;260;227;247;258;137;172;246;183;178;166;300;239;255;186;294;133;243;134;243;260;216;166;247;274;280;172;208;255;231;131;302;176;236;123;215;125;245;267;249;136
105;167;220;144;150;166;119;163;212;237;111;134;122;220;266;265;203;137;88;109;230;218;146;216;91;221;224;174;255;121;216;70;114;239;173;0;252;192;245;87;102;259;257;232;70;228;240;204;179;209;169;118;130;139;153;154;88;71;120;195;208;211;175;157;88;108;87;149;114;200;79;78;158;68;73;237;228;180;212;129;247;86;262;112;218;164;206;242;153;86;111;248;138;117;145;158;151;166;211;229;208;158;157;245;197;158;227;129;132;182;193;174;126;257;215;189;215;129;205;190;169;112;263;95;156;97;206;108;189;182;153;128;235;250;187;156;196;84;182;127;204;143;176;237;159;204;189;148;168;223;209;88;227;88;126;163;161;128;156;166;219;186;206;217;96;131;205;142;137;125;259;198;214;145;253;92;202;93;202;219;175;125;206;233;239;131;167;214;190;90;261;135;195;82;174;84;204;226;208;95
225;287;340;264;270;286;239;283;332;357;231;254;242;340;386;385;323;257;208;229;350;338;266;336;211;341;344;294;375;241;336;190;234;359;293;252;0;312;365;207;222;379;377;352;190;348;360;324;299;329;289;238;250;259;273;274;208;191;240;315;328;331;295;277;208;228;207;269;234;320;199;198;278;188;193;357;348;300;332;249;367;206;382;232;338;284;326;362;273;206;231;368;258;237;265;278;271;286;331;349;328;278;277;365;317;278;347;249;252;302;313;294;246;377;335;309;335;249;325;310;289;232;383;215;276;217;326;228;309;302;273;248;355;370;307;276;316;204;302;247;324;263;296;357;279;324;309;268;288;343;329;208;347;208;246;283;281;248;276;286;339;306;326;337;216;251;325;262;257;245;379;318;334;265;373;212;322;213;322;339;295;245;326;353;359;251;287;334;310;210;381;255;315;202;294;204;324;346;328;215
165;227;280;204;210;226;179;223;272;297;171;194;182;280;326;325;263;197;148;169;290;278;206;276;151;281;284;234;315;181;276;130;174;299;233;192;312;0;305;147;162;319;317;292;130;288;300;264;239;269;229;178;190;199;213;214;148;131;180;255;268;271;235;217;148;168;147;209;174;260;139;138;218;128;133;297;288;240;272;189;307;146;322;172;278;224;266;302;213;146;171;308;198;177;205;218;211;226;271;289;268;218;217;305;257;218;287;189;192;242;253;234;186;317;275;249;275;189;265;250;229;172;323;155;216;157;266;168;249;242;213;188;295;310;247;216;256;144;242;187;264;203;236;297;219;264;249;208;228;283;269;148;287;148;186;223;221;188;216;226;279;246;266;277;156;191;265;202;197;185;319;258;274;205;313;152;262;153;262;279;235;185;266;293;299;191;227;274;250;150;321;195;255;142;234;144;264;286;268;155
218;280;333;257;263;279;232;276;325;350;224;247;235;333;379;378;316;250;201;222;343;331;259;329;204;334;337;287;368;234;329;183;227;352;286;245;365;305;0;200;215;372;370;345;183;341;353;317;292;322;282;231;243;252;266;267;201;184;233;308;321;324;288;270;201;221;200;262;227;313;192;191;271;181;186;350;341;293;325;242;360;199;375;225;331;277;319;355;266;199;224;361;251;230;258;271;264;279;324;342;321;271;270;358;310;271;340;242;245;295;306;287;239;370;328;302;328;242;318;303;282;225;376;208;269;210;319;221;302;295;266;241;348;363;300;269;309;197;295;240;317;256;289;350;272;317;302;261;281;336;322;201;340;201;239;276;274;241;269;279;332;299;319;330;209;244;318;255;250;238;372;311;327;258;366;205;315;206;315;332;288;238;319;346;352;244;280;327;303;203;374;248;308;195;287;197;317;339;321;208
60;122;175;99;105;121;74;118;167;192;66;89;77;175;221;220;158;92;43;64;185;173;101;171;46;176;179;129;210;76;171;25;69;194;128;87;207;147;200;0;57;214;212;187;25;183;195;159;134;164;124;73;85;94;108;109;43;26;75;150;163;166;130;112;43;63;42;104;69;155;34;33;113;23;28;192;183;135;167;84;202;41;217;67;173;119;161;197;108;41;66;203;93;72;100;113;106;121;166;184;163;113;112;200;152;113;182;84;87;137;148;129;81;212;170;144;170;84;160;145;124;67;218;50;111;52;161;63;144;137;108;83;190;205;142;111;151;39;137;82;159;98;131;192;114;159;144;103;123;178;164;43;182;43;81;118;116;83;111;121;174;141;161;172;51;86;160;97;92;80;214;153;169;100;208;47;157;48;157;174;130;80;161;188;194;86;122;169;145;45;216;90;150;37;129;39;159;181;163;50
75;137;190;114;120;136;89;133;182;207;81;104;92;190;236;235;173;107;58;79;200;188;116;186;61;191;194;144;225;91;186;40;84;209;143;102;222;162;215;57;0;229;227;202;40;198;210;174;149;179;139;88;100;109;123;124;58;41;90;165;178;181;145;127;58;78;57;119;84;170;49;48;128;38;43;207;198;150;182;99;217;56;232;82;188;134;176;212;123;56;81;218;108;87;115;128;121;136;181;199;178;128;127;215;167;128;197;99;102;152;163;144;96;227;185;159;185;99;175;160;139;82;233;65;126;67;176;78;159;152;123;98;205;220;157;126;166;54;152;97;174;113;146;207;129;174;159;118;138;193;179;58;197;58;96;133;131;98;126;136;189;156;176;187;66;101;175;112;107;95;229;168;184;115;223;62;172;63;172;189;145;95;176;203;209;101;137;184;160;60;231;105;165;52;144;54;174;196;178;65
232;294;347;271;277;293;246;290;339;364;238;261;249;347;393;392;330;264;215;236;357;345;273;343;218;348;351;301;382;248;343;197;241;366;300;259;379;319;372;214;229;0;384;359;197;355;367;331;306;336;296;245;257;266;280;281;215;198;247;322;335;338;302;284;215;235;214;276;241;327;206;205;285;195;200;364;355;307;339;256;374;213;389;239;345;291;333;369;280;213;238;375;265;244;272;285;278;293;338;356;335;285;284;372;324;285;354;256;259;309;320;301;253;384;342;316;342;256;332;317;296;239;390;222;283;224;333;235;316;309;280;255;362;377;314;283;323;211;309;254;331;270;303;364;286;331;316;275;295;350;336;215;354;215;253;290;288;255;283;293;346;313;333;344;223;258;332;269;264;252;386;325;341;272;380;219;329;220;329;346;302;252;333;360;366;258;294;341;317;217;388;262;322;209;301;211;331;353;335;222
230;292;345;269;275;291;244;288;337;362;236;259;247;345;391;390;328;262;213;234;355;343;271;341;216;346;349;299;380;246;341;195;239;364;298;257;377;317;370;212;227;384;0;357;195;353;365;329;304;334;294;243;255;264;278;279;213;196;245;320;333;336;300;282;213;233;212;274;239;325;204;203;283;193;198;362;353;305;337;254;372;211;387;237;343;289;331;367;278;211;236;373;263;242;270;283;276;291;336;354;333;283;282;370;322;283;352;254;257;307;318;299;251;382;340;314;340;254;330;315;294;237;388;220;281;222;331;233;314;307;278;253;360;375;312;281;321;209;307;252;329;268;301;362;284;329;314;273;293;348;334;213;352;213;251;288;286;253;281;291;344;311;331;342;221;256;330;267;262;250;384;323;339;270;378;217;327;218;327;344;300;250;331;358;364;256;292;339;315;215;386;260;320;207;299;209;329;351;333;220
205;267;320;244;250;266;219;263;312;337;211;234;222;320;366;365;303;237;188;209;330;318;246;316;191;321;324;274;355;221;316;170;214;339;273;232;352;292;345;187;202;359;357;0;170;328;340;304;279;309;269;218;230;239;253;254;188;171;220;295;308;311;275;257;188;208;187;249;214;300;179;178;258;168;173;337;328;280;312;229;347;186;362;212;318;264;306;342;253;186;211;348;238;217;245;258;251;266;311;329;308;258;257;345;297;258;327;229;232;282;293;274;226;357;315;289;315;229;305;290;269;212;363;195;256;197;306;208;289;282;253;228;335;350;287;256;296;184;282;227;304;243;276;337;259;304;289;248;268;323;309;188;327;188;226;263;261;228;256;266;319;286;306;317;196;231;305;242;237;225;359;298;314;245;353;192;302;193;302;319;275;225;306;333;339;231;267;314;290;190;361;235;295;182;274;184;304;326;308;195
43;105;158;82;88;104;57;101;150;175;49;72;60;158;204;203;141;75;26;47;168;156;84;154;29;159;162;112;193;59;154;8;52;177;111;70;190;130;183;25;40;197;195;170;0;166;178;142;117;147;107;56;68;77;91;92;26;9;58;133;146;149;113;95;26;46;25;87;52;138;17;16;96;6;11;175;166;118;150;67;185;24;200;50;156;102;144;180;91;24;49;186;76;55;83;96;89;104;149;167;146;96;95;183;135;96;165;67;70;120;131;112;64;195;153;127;153;67;143;128;107;50;201;33;94;35;144;46;127;120;91;66;173;188;125;94;134;22;120;65;142;81;114;175;97;142;127;86;106;161;147;26;165;26;64;101;99;66;94;104;157;124;144;155;34;69;143;80;75;63;197;136;152;83;191;30;140;31;140;157;113;63;144;171;177;69;105;152;128;28;199;73;133;20;112;22;142;164;146;33
201;263;316;240;246;262;215;259;308;333;207;230;218;316;362;361;299;233;184;205;326;314;242;312;187;317;320;270;351;217;312;166;210;335;269;228;348;288;341;183;198;355;353;328;166;0;336;300;275;305;265;214;226;235;249;250;184;167;216;291;304;307;271;253;184;204;183;245;210;296;175;174;254;164;169;333;324;276;308;225;343;182;358;208;314;260;302;338;249;182;207;344;234;213;241;254;247;262;307;325;304;254;253;341;293;254;323;225;228;278;289;270;222;353;311;285;311;225;301;286;265;208;359;191;252;193;302;204;285;278;249;224;331;346;283;252;292;180;278;223;300;239;272;333;255;300;285;244;264;319;305;184;323;184;222;259;257;224;252;262;315;282;302;313;192;227;301;238;233;221;355;294;310;241;349;188;298;189;298;315;271;221;302;329;335;227;263;310;286;186;357;231;291;178;270;180;300;322;304;191
213;275;328;252;258;274;227;271;320;345;219;242;230;328;374;373;311;245;196;217;338;326;254;324;199;329;332;282;363;229;324;178;222;347;281;240;360;300;353;195;210;367;365;340;178;336;0;312;287;317;277;226;238;247;261;262;196;179;228;303;316;319;283;265;196;216;195;257;222;308;187;186;266;176;181;345;336;288;320;237;355;194;370;220;326;272;314;350;261;194;219;356;246;225;253;266;259;274;319;337;316;266;265;353;305;266;335;237;240;290;301;282;234;365;323;297;323;237;313;298;277;220;371;203;264;205;314;216;297;290;261;236;343;358;295;264;304;192;290;235;312;251;284;345;267;312;297;256;276;331;317;196;335;196;234;271;269;236;264;274;327;294;314;325;204;239;313;250;245;233;367;306;322;253;361;200;310;201;310;327;283;233;314;341;347;239;275;322;298;198;369;243;303;190;282;192;312;334;316;203
177;239;292;216;222;238;191;235;284;309;183;206;194;292;338;337;275;209;160;181;302;290;218;288;163;293;296;246;327;193;288;142;186;311;245;204;324;264;317;159;174;331;329;304;142;300;312;0;251;281;241;190;202;211;225;226;160;143;192;267;280;283;247;229;160;180;159;221;186;272;151;150;230;140;145;309;300;252;284;201;319;158;334;184;290;236;278;314;225;158;183;320;210;189;217;230;223;238;283;301;280;230;229;317;269;230;299;201;204;254;265;246;198;329;287;261;287;201;277;262;241;184;335;167;228;169;278;180;261;254;225;200;307;322;259;228;268;156;254;199;276;215;248;309;231;276;261;220;240;295;281;160;299;160;198;235;233;200;228;238;291;258;278;289;168;203;277;214;209;197;331;270;286;217;325;164;274;165;274;291;247;197;278;305;311;203;239;286;262;162;333;207;267;154;246;156;276;298;280;167
152;214;267;191;197;213;166;210;259;284;158;181;169;267;313;312;250;184;135;156;277;265;193;263;138;268;271;221;302;168;263;117;161;286;220;179;299;239;292;134;149;306;304;279;117;275;287;251;0;256;216;165;177;186;200;201;135;118;167;242;255;258;222;204;135;155;134;196;161;247;126;125;205;115;120;284;275;227;259;176;294;133;309;159;265;211;253;289;200;133;158;295;185;164;192;205;198;213;258;276;255;205;204;292;244;205;274;176;179;229;240;221;173;304;262;236;262;176;252;237;216;159;310;142;203;144;253;155;236;229;200;175;282;297;234;203;243;131;229;174;251;190;223;284;206;251;236;195;215;270;256;135;274;135;173;210;208;175;203;213;266;233;253;264;143;178;252;189;184;172;306;245;261;192;300;139;249;140;249;266;222;172;253;280;286;178;214;261;237;137;308;182;242;129;221;131;251;273;255;142
182;244;297;221;227;243;196;240;289;314;188;211;199;297;343;342;280;214;165;186;307;295;223;293;168;298;301;251;332;198;293;147;191;316;250;209;329;269;322;164;179;336;334;309;147;305;317;281;256;0;246;195;207;216;230;231;165;148;197;272;285;288;252;234;165;185;164;226;191;277;156;155;235;145;150;314;305;257;289;206;324;163;339;189;295;241;283;319;230;163;188;325;215;194;222;235;228;243;288;306;285;235;234;322;274;235;304;206;209;259;270;251;203;334;292;266;292;206;282;267;246;189;340;172;233;174;283;185;266;259;230;205;312;327;264;233;273;161;259;204;281;220;253;314;236;281;266;225;245;300;286;165;304;165;203;240;238;205;233;243;296;263;283;294;173;208;282;219;214;202;336;275;291;222;330;169;279;170;279;296;252;202;283;310;316;208;244;291;267;167;338;212;272;159;251;161;281;303;285;172
142;204;257;181;187;203;156;200;249;274;148;171;159;257;303;302;240;174;125;146;267;255;183;253;128;258;261;211;292;158;253;107;151;276;210;169;289;229;282;124;139;296;294;269;107;265;277;241;216;246;0;155;167;176;190;191;125;108;157;232;245;248;212;194;125;145;124;186;151;237;116;115;195;105;110;274;265;217;249;166;284;123;299;149;255;201;243;279;190;123;148;285;175;154;182;195;188;203;248;266;245;195;194;282;234;195;264;166;169;219;230;211;163;294;252;226;252;166;242;227;206;149;300;132;193;134;243;145;226;219;190;165;272;287;224;193;233;121;219;164;241;180;213;274;196;241;226;185;205;260;246;125;264;125;163;200;198;165;193;203;256;223;243;254;133;168;242;179;174;162;296;235;251;182;290;129;239;130;239;256;212;162;243;270;276;168;204;251;227;127;298;172;232;119;211;121;241;263;245;132
